<?xml version="1.0"?>
<opencv_storage>
<projection>Stereographic</projection>
<center>
  1.6335778878107485e+03 1.6659038151998629e+03</center>
<img_size>
  3264 3264</img_size>
<f>5.9531582350074655e+02</f>
<f0>600.</f0>
<a>
  -6.0791528525990013e-02 1.2263048280039273e-02 -1.0156682625627642e-03
  5.2705393921794778e-05 -4.9733325906235204e-07</a>
<J1>8.6581566746519356e-01</J1>
<J2>4.0261477710891805e-04</J2>
<J3>8.9666528766937969e-05</J3>
</opencv_storage>
