<?xml version="1.0"?>
<opencv_storage>
<center>
  6.3999999999999955e+02 4.8000000000000017e+02</center>
<img_size>
  1280 960</img_size>
<f>400.</f>
<f0>150.</f0>
<a>
  8.1992162155193139e-18 2.7880740920502674e-19 8.2556912947244636e-21
  2.4894210406002636e-22 7.5061628969622301e-24</a>
</opencv_storage>
